org_id remap_id
8485 0
8487 1
8488 2
8489 3
8490 4
8491 5
8492 6
8494 7
8495 8
8496 9
8497 10
8498 11
8499 12
8500 13
8501 14
8502 15
8503 16
8504 17
8505 18
8506 19
8507 20
8508 21
8510 22
8511 23
8513 24
8514 25
8515 26
8518 27
8519 28
8520 29
8521 30
8522 31
8523 32
8524 33
8525 34
8529 35
8530 36
8531 37
8532 38
8533 39
8535 40
8536 41
8537 42
8540 43
8541 44
8542 45
8544 46
8546 47
8547 48
8548 49
8549 50
8550 51
8551 52
8552 53
8553 54
8554 55
8555 56
8556 57
8558 58
8561 59
8562 60
8563 61
8564 62
8565 63
8567 64
8568 65
8569 66
8571 67
8572 68
8573 69
8575 70
8576 71
8577 72
8579 73
8581 74
8583 75
8584 76
8585 77
8586 78
8587 79
8589 80
8590 81
8592 82
8593 83
8598 84
8601 85
8603 86
8604 87
8611 88
8612 89
8613 90
8614 91
8615 92
8616 93
8617 94
8618 95
8620 96
8621 97
8623 98
8625 99
8626 100
8627 101
8629 102
8630 103
8631 104
8632 105
8634 106
8635 107
8636 108
8639 109
8642 110
8643 111
8644 112
8645 113
8646 114
8647 115
8648 116
8649 117
8650 118
8652 119
8653 120
8654 121
8656 122
8657 123
8658 124
8659 125
8660 126
8661 127
8663 128
8665 129
8666 130
8667 131
8670 132
8671 133
8673 134
8674 135
8675 136
8676 137
8678 138
8680 139
8681 140
8682 141
8684 142
8685 143
8689 144
8690 145
8693 146
8695 147
8697 148
8699 149
8700 150
8703 151
8706 152
8707 153
8709 154
8714 155
8715 156
8716 157
8717 158
8718 159
8720 160
8721 161
8724 162
8725 163
8726 164
8728 165
8739 166
8740 167
8756 168
8771 169
8772 170
8780 171
8781 172
8787 173
8791 174
8800 175
8811 176
8812 177
8813 178
8814 179
8815 180
8816 181
8818 182
8819 183
8821 184
8822 185
8823 186
8824 187
8825 188
8826 189
8827 190
8828 191
8830 192
8831 193
8832 194
8833 195
8835 196
8837 197
8839 198
8840 199
8841 200
8842 201
8843 202
8844 203
8845 204
8849 205
8853 206
8854 207
8925 208
8926 209
8927 210
8928 211
8930 212
8931 213
8933 214
8934 215
8935 216
8938 217
8943 218
8944 219
8945 220
8954 221
8965 222
8997 223
9006 224
9007 225
9008 226
9010 227
9011 228
9012 229
9013 230
9017 231
9020 232
9022 233
9023 234
9025 235
9026 236
9027 237
9029 238
9032 239
9033 240
9036 241
9049 242
9058 243
9060 244
9061 245
9063 246
9064 247
9065 248
9066 249
9067 250
9069 251
9070 252
9071 253
9072 254
9073 255
9074 256
9075 257
9077 258
9078 259
9082 260
9083 261
9084 262
9085 263
9086 264
9087 265
9088 266
9089 267
9090 268
9091 269
9092 270
9094 271
9095 272
9096 273
9097 274
9098 275
9099 276
9100 277
9102 278
9103 279
9104 280
9105 281
9106 282
9107 283
9108 284
9110 285
9111 286
9116 287
9117 288
9119 289
9120 290
9121 291
9122 292
9123 293
9124 294
9125 295
9127 296
9128 297
9131 298
9134 299
9137 300
9140 301
9142 302
9144 303
9145 304
9146 305
9147 306
9149 307
9150 308
9151 309
9152 310
9153 311
9155 312
9156 313
9158 314
9159 315
9161 316
9162 317
9164 318
9165 319
9166 320
9168 321
9169 322
9171 323
9172 324
9173 325
9175 326
9177 327
9179 328
9180 329
9182 330
9183 331
9184 332
9185 333
9187 334
9189 335
9194 336
9197 337
9198 338
9200 339
9201 340
9204 341
9205 342
9206 343
9208 344
9209 345
9212 346
9213 347
9281 348
9282 349
9283 350
9284 351
9285 352
9287 353
9288 354
9289 355
9290 356
9291 357
9292 358
9293 359
9294 360
9295 361
9296 362
9297 363
9298 364
9299 365
9302 366
9303 367
9304 368
9306 369
9307 370
9308 371
9311 372
9317 373
9318 374
9323 375
9324 376
9326 377
9327 378
9328 379
9330 380
9331 381
9332 382
9333 383
9334 384
9335 385
9337 386
9338 387
9339 388
9340 389
9341 390
9342 391
9343 392
9344 393
9345 394
9347 395
9348 396
9349 397
9350 398
9351 399
9355 400
9356 401
9357 402
9358 403
9362 404
9363 405
9366 406
9368 407
9369 408
9372 409
9373 410
9375 411
9376 412
9377 413
9379 414
9380 415
9381 416
9382 417
9383 418
9385 419
9386 420
9387 421
9402 422
9404 423
9405 424
9406 425
9407 426
9408 427
9409 428
9410 429
9411 430
9412 431
9413 432
9414 433
9415 434
9416 435
9418 436
9419 437
9421 438
9422 439
9423 440
9424 441
9426 442
9427 443
9428 444
9429 445
9430 446
9431 447
9433 448
9436 449
9437 450
9438 451
9439 452
9443 453
9444 454
9445 455
9446 456
9452 457
9453 458
9457 459
9458 460
9459 461
9460 462
9461 463
9467 464
9468 465
9469 466
9471 467
9472 468
9473 469
9474 470
9476 471
9477 472
9481 473
9483 474
9484 475
9485 476
9486 477
9487 478
9488 479
9489 480
9490 481
9499 482
9500 483
9502 484
9503 485
9504 486
9505 487
9506 488
9507 489
9508 490
9510 491
9511 492
9512 493
9513 494
9516 495
9517 496
9518 497
9519 498
9520 499
9521 500
9524 501
9525 502
9526 503
9527 504
9528 505
9531 506
9533 507
9534 508
9535 509
9536 510
9537 511
9539 512
9540 513
9543 514
9544 515
9547 516
9549 517
9550 518
9551 519
9553 520
9554 521
9556 522
9557 523
9558 524
9562 525
9564 526
9570 527
9572 528
9573 529
9579 530
9581 531
9582 532
9583 533
9584 534
9585 535
9586 536
9587 537
9588 538
9589 539
9590 540
9591 541
9592 542
9593 543
9595 544
9596 545
9597 546
9598 547
9599 548
9600 549
9601 550
9602 551
9603 552
9604 553
9605 554
9606 555
9607 556
9608 557
9609 558
9610 559
9611 560
9612 561
9614 562
9616 563
9617 564
9618 565
9620 566
9621 567
9625 568
9626 569
9629 570
9631 571
9634 572
9635 573
9636 574
9637 575
9638 576
9639 577
9642 578
9643 579
9646 580
9647 581
9648 582
9653 583
9654 584
9655 585
9656 586
9659 587
9660 588
9663 589
9664 590
9665 591
9666 592
9667 593
9668 594
9669 595
9673 596
9674 597
9676 598
9680 599
9681 600
9684 601
9685 602
9686 603
9687 604
9688 605
9690 606
9691 607
9693 608
9694 609
9695 610
9697 611
9698 612
9699 613
9700 614
9701 615
9702 616
9703 617
9704 618
9705 619
9706 620
9707 621
9709 622
9710 623
9713 624
9714 625
9715 626
9716 627
9717 628
9718 629
9719 630
9720 631
9721 632
9722 633
9726 634
9727 635
9728 636
9729 637
9730 638
9732 639
9733 640
9734 641
9736 642
9738 643
9740 644
9741 645
9743 646
9744 647
9745 648
9747 649
9748 650
9749 651
9750 652
9752 653
9754 654
9755 655
9757 656
9758 657
9759 658
9760 659
9762 660
9766 661
9767 662
9768 663
9771 664
9772 665
9777 666
9778 667
9779 668
9780 669
9781 670
9782 671
9784 672
9785 673
9786 674
9788 675
9789 676
9791 677
9792 678
9794 679
9796 680
9797 681
9799 682
9800 683
9801 684
9803 685
9804 686
9805 687
9807 688
9808 689
9809 690
9810 691
9811 692
9812 693
9813 694
9814 695
9816 696
9817 697
9818 698
9819 699
9822 700
9824 701
9825 702
9827 703
9828 704
9829 705
9830 706
9832 707
9834 708
9841 709
9842 710
9844 711
9845 712
9847 713
9850 714
9852 715
9853 716
9859 717
9860 718
9861 719
9862 720
9863 721
9864 722
9865 723
9866 724
9867 725
9869 726
9870 727
9872 728
9873 729
9874 730
9875 731
9876 732
9877 733
9878 734
9879 735
9880 736
9881 737
9882 738
9883 739
9884 740
9886 741
9887 742
9888 743
9889 744
9890 745
9891 746
9892 747
9893 748
9895 749
9896 750
9897 751
9898 752
9900 753
9901 754
9902 755
9903 756
9905 757
9906 758
9907 759
9909 760
9910 761
9911 762
9912 763
9913 764
9916 765
9917 766
9919 767
9920 768
9922 769
9923 770
9924 771
9925 772
9926 773
9928 774
9930 775
9932 776
9936 777
9937 778
9939 779
9940 780
9942 781
9943 782
9945 783
9946 784
9947 785
9948 786
9950 787
9953 788
9955 789
9957 790
9959 791
9960 792
9963 793
9967 794
9968 795
9972 796
9973 797
9974 798
9979 799
9980 800
9981 801
9982 802
9984 803
9985 804
9986 805
9987 806
9990 807
9991 808
9992 809
9993 810
9994 811
9995 812
9996 813
9998 814
9999 815
10000 816
10001 817
10004 818
10005 819
10006 820
10008 821
10009 822
10010 823
10012 824
10014 825
10015 826
10018 827
10019 828
10021 829
10023 830
10026 831
10028 832
10029 833
10030 834
10031 835
10032 836
10035 837
10036 838
10041 839
10042 840
10044 841
10046 842
10052 843
10053 844
10056 845
10058 846
10059 847
10063 848
10064 849
10066 850
10068 851
10069 852
10070 853
10072 854
10073 855
10074 856
10075 857
10076 858
10077 859
10078 860
10080 861
10081 862
10083 863
10085 864
10086 865
10087 866
10088 867
10089 868
10090 869
10091 870
10092 871
10093 872
10094 873
10095 874
10097 875
10098 876
10099 877
10100 878
10102 879
10103 880
10104 881
10105 882
10106 883
10107 884
10108 885
10109 886
10110 887
10111 888
10112 889
10113 890
10114 891
10116 892
10117 893
10118 894
10119 895
10120 896
10121 897
10122 898
10123 899
10124 900
10125 901
10126 902
10127 903
10128 904
10130 905
10134 906
10135 907
10136 908
10139 909
10140 910
10142 911
10143 912
10147 913
10148 914
10149 915
10150 916
10151 917
10152 918
10155 919
10156 920
10157 921
10158 922
10159 923
10160 924
10162 925
10164 926
10167 927
10168 928
10171 929
10172 930
10173 931
10176 932
10181 933
10182 934
10183 935
10184 936
10186 937
10187 938
10190 939
10191 940
10193 941
10196 942
10197 943
10199 944
10200 945
10201 946
10202 947
10203 948
10204 949
10205 950
10207 951
10210 952
10211 953
10212 954
10216 955
10217 956
10218 957
10219 958
10220 959
10221 960
10222 961
10223 962
10224 963
10225 964
10226 965
10228 966
10229 967
10232 968
10233 969
10234 970
10235 971
10237 972
10239 973
10240 974
10241 975
10242 976
10245 977
10246 978
10247 979
10248 980
10249 981
10250 982
10251 983
10252 984
10253 985
10254 986
10255 987
10257 988
10259 989
10260 990
10262 991
10263 992
10264 993
10265 994
10266 995
10267 996
10268 997
10269 998
10270 999
10271 1000
10272 1001
10273 1002
10274 1003
10277 1004
10278 1005
10279 1006
10280 1007
10281 1008
10282 1009
10283 1010
10284 1011
10285 1012
10286 1013
10288 1014
10290 1015
10291 1016
10293 1017
10295 1018
10300 1019
10301 1020
10302 1021
10305 1022
10306 1023
10307 1024
10309 1025
10312 1026
10313 1027
10314 1028
10315 1029
10320 1030
10321 1031
10322 1032
10324 1033
10326 1034
10327 1035
10328 1036
10329 1037
10330 1038
10331 1039
10332 1040
10333 1041
10334 1042
10335 1043
10336 1044
10337 1045
10338 1046
10340 1047
10341 1048
10343 1049
10344 1050
10345 1051
10346 1052
10348 1053
10349 1054
10350 1055
10351 1056
10352 1057
10353 1058
10355 1059
10358 1060
10359 1061
10361 1062
10362 1063
10363 1064
10364 1065
10365 1066
10371 1067
10372 1068
10375 1069
10376 1070
10384 1071
10385 1072
10386 1073
10396 1074
10397 1075
10553 1076
10555 1077
10557 1078
10559 1079
10561 1080
10568 1081
10572 1082
10573 1083
10604 1084
10619 1085
10622 1086
10623 1087
10625 1088
10626 1089
10629 1090
10632 1091
10881 1092
11758 1093
11759 1094
11761 1095
11762 1096
11767 1097
11768 1098
11788 1099
11789 1100
11791 1101
11792 1102
11793 1103
11794 1104
11795 1105
11797 1106
11800 1107
11802 1108
11804 1109
11805 1110
11806 1111
11807 1112
11808 1113
11809 1114
11811 1115
11812 1116
11813 1117
11814 1118
11816 1119
11817 1120
11818 1121
11822 1122
11825 1123
11827 1124
11828 1125
11830 1126
11831 1127
11833 1128
11835 1129
11836 1130
11855 1131
11862 1132
11869 1133
11870 1134
11879 1135
11881 1136
11882 1137
11885 1138
11887 1139
11892 1140
11893 1141
11897 1142
11898 1143
11901 1144
11902 1145
11903 1146
11905 1147
11906 1148
11909 1149
11910 1150
11912 1151
11914 1152
11918 1153
11920 1154
11921 1155
11922 1156
11923 1157
11924 1158
11925 1159
11926 1160
11936 1161
11943 1162
11946 1163
11947 1164
11948 1165
11949 1166
11950 1167
11952 1168
11965 1169
11977 1170
11979 1171
11980 1172
11987 1173
11993 1174
11994 1175
11997 1176
11998 1177
12073 1178
12083 1179
12085 1180
12089 1181
12092 1182
12095 1183
12097 1184
12100 1185
12102 1186
12103 1187
12104 1188
12105 1189
12108 1190
12112 1191
12113 1192
12114 1193
12115 1194
12117 1195
12122 1196
12126 1197
12130 1198
12136 1199
12139 1200
12143 1201
12217 1202
12218 1203
12220 1204
12221 1205
12225 1206
12230 1207
12231 1208
12234 1209
12238 1210
12241 1211
12242 1212
12243 1213
12246 1214
12248 1215
12249 1216
12250 1217
12251 1218
12255 1219
12257 1220
12260 1221
12261 1222
12269 1223
12272 1224
12273 1225
12778 1226
13210 1227
13212 1228
13215 1229
13219 1230
13220 1231
13221 1232
16773 1233
16789 1234
16790 1235
16801 1236
16804 1237
16811 1238
16812 1239
16820 1240
16821 1241
16823 1242
16824 1243
16826 1244
16827 1245
16866 1246
16878 1247
16879 1248
16888 1249
16889 1250
16890 1251
16893 1252
16904 1253
16905 1254
16921 1255
16946 1256
16956 1257
16957 1258
16958 1259
16963 1260
16972 1261
16986 1262
16987 1263
20310 1264
20313 1265
20318 1266
20323 1267
20338 1268
20359 1269
20397 1270
20399 1271
20404 1272
20429 1273
20432 1274
20436 1275
20440 1276
20447 1277
20455 1278
20456 1279
20457 1280
20458 1281
20507 1282
20509 1283
20510 1284
20511 1285
20585 1286
20629 1287
20631 1288
20663 1289
22719 1290
24400 1291
24401 1292
24402 1293
24403 1294
24405 1295
24406 1296
24407 1297
24412 1298
24419 1299
24423 1300
24424 1301
24426 1302
24427 1303
24428 1304
24431 1305
24433 1306
24434 1307
24439 1308
24445 1309
24447 1310
24448 1311
24450 1312
24453 1313
24456 1314
24459 1315
24460 1316
24464 1317
24467 1318
24468 1319
24470 1320
24473 1321
24476 1322
24477 1323
24480 1324
24482 1325
24486 1326
24489 1327
24498 1328
24499 1329
24505 1330
24508 1331
24509 1332
24510 1333
24520 1334
24521 1335
24523 1336
24525 1337
24539 1338
24540 1339
24542 1340
24543 1341
24546 1342
24548 1343
24549 1344
24553 1345
24554 1346
24556 1347
24557 1348
24558 1349
24559 1350
24560 1351
24561 1352
24563 1353
24565 1354
24566 1355
24567 1356
24568 1357
24569 1358
24570 1359
24571 1360
24572 1361
24573 1362
24574 1363
24575 1364
24576 1365
24577 1366
24579 1367
24580 1368
24582 1369
24583 1370
24584 1371
24585 1372
24587 1373
24593 1374
24594 1375
24596 1376
24599 1377
24601 1378
24603 1379
24605 1380
24612 1381
24621 1382
24622 1383
24623 1384
24626 1385
24638 1386
24639 1387
24649 1388
24650 1389
24653 1390
24657 1391
24663 1392
24664 1393
24668 1394
24674 1395
24682 1396
24684 1397
24685 1398
24689 1399
24694 1400
24695 1401
24700 1402
24702 1403
24703 1404
24704 1405
24705 1406
24711 1407
24714 1408
24716 1409
24717 1410
24721 1411
24722 1412
24730 1413
24732 1414
24737 1415
24738 1416
24741 1417
24742 1418
24750 1419
24751 1420
24753 1421
24754 1422
24755 1423
24756 1424
24758 1425
24763 1426
24764 1427
24765 1428
24766 1429
24769 1430
24771 1431
24777 1432
24782 1433
24789 1434
24790 1435
24800 1436
24803 1437
24804 1438
24805 1439
24808 1440
24809 1441
24812 1442
24816 1443
24819 1444
24820 1445
24822 1446
24828 1447
24831 1448
24834 1449
24839 1450
24843 1451
24844 1452
24853 1453
24854 1454
24864 1455
24865 1456
24868 1457
24875 1458
24876 1459
24879 1460
24880 1461
24881 1462
24882 1463
24883 1464
24885 1465
24888 1466
24889 1467
24898 1468
24901 1469
24911 1470
24918 1471
24920 1472
24924 1473
24926 1474
24930 1475
24931 1476
24932 1477
24934 1478
24937 1479
24939 1480
24941 1481
24946 1482
24952 1483
24954 1484
24955 1485
24956 1486
24957 1487
24959 1488
24960 1489
24961 1490
24966 1491
24968 1492
24969 1493
24972 1494
24994 1495
24997 1496
24999 1497
25005 1498
25014 1499
25015 1500
25016 1501
25017 1502
25023 1503
25025 1504
25027 1505
25028 1506
25029 1507
25030 1508
25031 1509
25034 1510
25036 1511
25040 1512
25041 1513
25042 1514
25046 1515
25047 1516
25056 1517
25063 1518
25067 1519
25068 1520
25069 1521
25073 1522
25075 1523
25077 1524
25079 1525
25082 1526
25085 1527
25087 1528
25091 1529
25092 1530
25096 1531
25098 1532
25101 1533
25103 1534
25104 1535
25109 1536
25110 1537
25112 1538
25114 1539
25115 1540
25117 1541
25119 1542
25122 1543
25125 1544
25129 1545
25131 1546
25135 1547
25137 1548
25138 1549
25146 1550
25148 1551
25149 1552
25152 1553
25153 1554
25154 1555
25155 1556
25157 1557
25158 1558
25160 1559
25165 1560
25169 1561
25170 1562
25173 1563
25174 1564
25179 1565
25182 1566
25183 1567
25185 1568
25186 1569
25187 1570
25191 1571
25192 1572
25193 1573
25194 1574
25196 1575
25197 1576
25198 1577
25199 1578
25203 1579
25204 1580
25205 1581
25206 1582
25208 1583
25209 1584
25211 1585
25212 1586
25213 1587
25215 1588
25217 1589
25219 1590
25220 1591
25225 1592
25226 1593
25227 1594
25232 1595
25233 1596
25235 1597
25236 1598
25237 1599
25239 1600
25242 1601
25244 1602
25247 1603
25250 1604
25251 1605
25252 1606
25253 1607
25254 1608
25256 1609
25258 1610
25260 1611
25261 1612
25263 1613
25264 1614
25265 1615
25269 1616
25270 1617
25271 1618
25272 1619
25274 1620
25277 1621
25279 1622
25280 1623
25281 1624
25284 1625
25286 1626
25287 1627
25289 1628
25290 1629
25294 1630
25295 1631
25296 1632
25297 1633
25298 1634
25300 1635
25301 1636
25302 1637
25303 1638
25304 1639
25305 1640
25308 1641
25311 1642
25314 1643
25315 1644
25316 1645
25317 1646
25318 1647
25320 1648
25322 1649
25327 1650
25328 1651
25331 1652
25333 1653
25334 1654
25335 1655
25336 1656
25337 1657
25342 1658
25344 1659
25346 1660
25349 1661
25350 1662
25354 1663
25358 1664
25359 1665
25362 1666
25365 1667
25367 1668
25368 1669
25369 1670
25375 1671
25376 1672
25377 1673
25378 1674
25381 1675
25382 1676
25383 1677
25384 1678
25385 1679
25386 1680
25387 1681
25390 1682
25392 1683
25393 1684
25394 1685
25395 1686
25396 1687
25397 1688
25399 1689
25400 1690
25401 1691
25402 1692
25403 1693
25404 1694
25405 1695
25406 1696
25408 1697
25412 1698
25413 1699
25414 1700
25415 1701
25417 1702
25420 1703
25421 1704
25422 1705
25425 1706
25426 1707
25427 1708
25428 1709
25429 1710
25430 1711
25432 1712
25433 1713
25436 1714
25437 1715
25440 1716
25443 1717
25444 1718
25445 1719
25446 1720
25451 1721
25453 1722
25458 1723
25460 1724
25461 1725
25462 1726
25463 1727
25464 1728
25466 1729
25467 1730
25470 1731
25471 1732
25473 1733
25480 1734
25481 1735
25482 1736
25483 1737
25489 1738
25490 1739
25496 1740
25497 1741
25499 1742
25500 1743
25501 1744
25502 1745
25504 1746
25505 1747
25508 1748
25509 1749
25510 1750
25512 1751
25513 1752
25514 1753
25515 1754
25516 1755
25517 1756
25520 1757
25525 1758
25528 1759
25529 1760
25530 1761
25531 1762
25532 1763
25535 1764
25537 1765
25539 1766
25541 1767
25542 1768
25544 1769
25545 1770
25546 1771
25548 1772
25549 1773
25550 1774
25551 1775
25552 1776
25554 1777
25560 1778
25561 1779
25562 1780
25563 1781
25564 1782
25565 1783
25566 1784
25569 1785
25572 1786
25573 1787
25574 1788
25575 1789
25576 1790
25577 1791
25578 1792
25581 1793
25582 1794
25583 1795
25586 1796
25587 1797
25589 1798
25593 1799
25594 1800
25595 1801
25596 1802
25597 1803
25599 1804
25600 1805
25601 1806
25604 1807
25607 1808
25609 1809
25610 1810
25614 1811
25616 1812
25622 1813
25623 1814
25625 1815
25626 1816
25627 1817
25629 1818
25630 1819
25631 1820
25632 1821
25633 1822
25636 1823
25637 1824
25638 1825
25639 1826
25644 1827
25645 1828
25649 1829
25652 1830
25655 1831
25656 1832
25657 1833
25658 1834
25659 1835
25660 1836
25664 1837
25667 1838
25668 1839
25671 1840
25672 1841
25673 1842
25674 1843
25680 1844
25681 1845
25683 1846
25684 1847
25688 1848
25689 1849
25690 1850
25691 1851
25693 1852
25694 1853
25699 1854
25700 1855
25703 1856
25704 1857
25705 1858
25707 1859
25708 1860
25709 1861
25710 1862
25712 1863
25713 1864
25716 1865
25717 1866
25718 1867
25719 1868
25720 1869
25722 1870
25723 1871
25727 1872
25728 1873
25730 1874
25733 1875
25739 1876
25741 1877
25743 1878
25744 1879
25748 1880
25749 1881
25751 1882
25754 1883
25756 1884
25757 1885
25758 1886
25760 1887
25761 1888
25762 1889
25765 1890
25766 1891
25767 1892
25768 1893
25769 1894
25770 1895
25771 1896
25772 1897
25774 1898
25775 1899
25776 1900
25778 1901
25779 1902
25782 1903
25783 1904
25784 1905
25786 1906
25787 1907
25788 1908
25789 1909
25790 1910
25792 1911
25793 1912
25797 1913
25798 1914
25800 1915
25804 1916
25807 1917
25808 1918
25809 1919
25810 1920
25811 1921
25818 1922
25823 1923
25824 1924
25826 1925
25828 1926
25829 1927
25831 1928
25835 1929
25836 1930
25837 1931
25838 1932
25839 1933
25840 1934
25841 1935
25845 1936
25848 1937
25850 1938
25851 1939
25853 1940
25856 1941
25857 1942
25859 1943
25862 1944
25864 1945
25867 1946
25869 1947
25870 1948
25873 1949
25874 1950
25877 1951
25878 1952
25880 1953
25881 1954
25883 1955
25885 1956
25890 1957
25891 1958
25894 1959
25895 1960
25897 1961
25899 1962
25900 1963
25901 1964
25903 1965
25904 1966
25906 1967
25912 1968
25918 1969
25920 1970
25921 1971
25922 1972
25923 1973
25924 1974
25929 1975
25931 1976
25932 1977
25934 1978
25938 1979
25940 1980
25941 1981
25943 1982
25945 1983
25946 1984
25948 1985
25950 1986
25951 1987
25953 1988
25957 1989
25959 1990
25961 1991
25963 1992
25965 1993
25966 1994
25968 1995
25969 1996
25971 1997
25972 1998
25974 1999
25977 2000
25978 2001
25979 2002
25980 2003
25981 2004
25983 2005
25985 2006
25986 2007
25988 2008
25989 2009
25993 2010
25994 2011
25995 2012
25998 2013
26000 2014
26001 2015
26004 2016
26005 2017
26009 2018
26011 2019
26013 2020
26016 2021
26019 2022
26020 2023
26022 2024
26023 2025
26025 2026
26029 2027
26031 2028
26032 2029
26033 2030
26036 2031
26037 2032
26039 2033
26040 2034
26044 2035
26047 2036
26048 2037
26053 2038
26056 2039
26057 2040
26059 2041
26061 2042
26062 2043
26063 2044
26064 2045
26066 2046
26068 2047
26070 2048
26075 2049
26076 2050
26079 2051
26081 2052
26083 2053
26084 2054
26085 2055
26087 2056
26090 2057
26091 2058
26096 2059
26100 2060
26102 2061
26103 2062
26104 2063
26106 2064
26107 2065
26110 2066
26113 2067
26116 2068
26118 2069
26121 2070
26123 2071
26125 2072
26126 2073
26130 2074
26137 2075
26138 2076
26139 2077
26143 2078
26145 2079
26147 2080
26148 2081
26149 2082
26154 2083
26158 2084
26160 2085
26161 2086
26162 2087
26164 2088
26168 2089
26172 2090
26175 2091
26176 2092
26179 2093
26180 2094
26181 2095
26182 2096
26183 2097
26185 2098
26190 2099
26199 2100
26200 2101
26201 2102
26204 2103
26205 2104
26209 2105
26214 2106
26216 2107
26218 2108
26219 2109
26221 2110
26222 2111
26223 2112
26224 2113
26225 2114
26226 2115
26227 2116
26228 2117
26229 2118
26230 2119
26231 2120
26236 2121
26237 2122
26239 2123
26240 2124
26241 2125
26242 2126
26245 2127
26246 2128
26247 2129
26250 2130
26255 2131
26258 2132
26259 2133
26260 2134
26262 2135
26264 2136
26267 2137
26273 2138
26276 2139
26278 2140
26283 2141
26284 2142
26286 2143
26288 2144
26289 2145
26292 2146
26295 2147
26298 2148
26299 2149
26302 2150
26303 2151
26304 2152
26306 2153
26308 2154
26309 2155
26314 2156
26316 2157
26317 2158
26318 2159
26323 2160
26324 2161
26325 2162
26330 2163
26331 2164
26337 2165
26340 2166
26341 2167
26342 2168
26343 2169
26344 2170
26345 2171
26348 2172
26350 2173
26351 2174
26352 2175
26353 2176
26354 2177
26355 2178
26356 2179
26357 2180
26359 2181
26360 2182
26361 2183
26365 2184
26368 2185
26369 2186
26370 2187
26371 2188
26372 2189
26382 2190
26384 2191
26385 2192
26387 2193
26389 2194
26391 2195
26392 2196
26393 2197
26395 2198
26396 2199
26398 2200
26405 2201
26406 2202
26409 2203
26410 2204
26411 2205
26412 2206
26419 2207
26420 2208
26422 2209
26426 2210
26431 2211
26434 2212
26436 2213
26438 2214
26439 2215
26441 2216
26445 2217
26448 2218
26452 2219
26457 2220
26459 2221
26462 2222
26464 2223
26465 2224
26467 2225
26468 2226
26469 2227
26473 2228
26480 2229
26481 2230
26483 2231
26484 2232
26486 2233
26490 2234
26491 2235
26493 2236
26494 2237
26495 2238
26498 2239
26499 2240
26500 2241
26501 2242
26502 2243
26505 2244
26506 2245
26509 2246
26512 2247
26514 2248
26516 2249
26517 2250
26519 2251
26520 2252
26521 2253
26523 2254
26528 2255
26531 2256
26532 2257
26534 2258
26535 2259
26536 2260
26537 2261
26538 2262
26540 2263
26544 2264
31030 2265
31034 2266
31035 2267
31037 2268
31038 2269
31039 2270
31041 2271
31044 2272
31046 2273
31048 2274
31051 2275
31053 2276
31060 2277
31061 2278
31065 2279
31070 2280
31072 2281
31073 2282
31074 2283
31075 2284
31077 2285
31082 2286
31083 2287
31139 2288
31140 2289
31142 2290
31146 2291
31147 2292
31148 2293
31149 2294
31150 2295
31152 2296
31153 2297
31155 2298
31158 2299
31161 2300
31164 2301
31165 2302
31166 2303
31167 2304
31170 2305
31171 2306
31172 2307
31173 2308
31175 2309
31176 2310
31177 2311
31178 2312
31180 2313
31184 2314
31185 2315
31189 2316
31249 2317
31250 2318
31251 2319
31252 2320
31254 2321
31256 2322
31257 2323
31259 2324
31261 2325
31274 2326
31275 2327
31277 2328
31281 2329
31282 2330
31283 2331
31285 2332
31287 2333
31288 2334
31290 2335
31291 2336
31292 2337
31295 2338
31296 2339
31298 2340
31299 2341
31326 2342
31329 2343
31330 2344
31332 2345
31334 2346
31361 2347
31363 2348
31364 2349
31365 2350
31366 2351
31371 2352
31376 2353
31378 2354
31381 2355
31382 2356
31385 2357
31389 2358
31391 2359
31393 2360
31394 2361
31397 2362
31405 2363
31407 2364
31422 2365
31424 2366
31429 2367
31430 2368
31432 2369
31433 2370
31436 2371
31437 2372
31438 2373
31439 2374
31440 2375
31441 2376
31492 2377
31493 2378
31494 2379
31498 2380
31502 2381
31503 2382
31505 2383
31507 2384
31508 2385
31518 2386
32060 2387
41295 2388
41299 2389
41538 2390
41617 2391
41794 2392
41821 2393
41822 2394
41823 2395
42015 2396
42119 2397
42193 2398
42194 2399
42198 2400
